Provincia	act	empl	par	inact
Albacete	182,9	120,7	62,2	145,1
Alicante	894,8	639,2	255,6	707,7
Almeria	371,7	235,7	136,0	190,5
Alava	158,4	129,4	29,0	98,0
Asturias	480,4	366,2	114,1	437,0
Avila	76,1	59,2	16,9	64,4
Badajoz	331,8	214,3	117,4	233,3
Balears	593,1	449,0	144,1	319,1
Barcelona	2700,1	2048,6	651,5	1667,1
Bizkaia	550,1	455,8	94,3	405,1
Burgos	182,8	150,1	32,7	119,8
Caceres	178,1	121,9	56,2	163,4
Cadiz	575,0	341,4	233,6	430,0
Cantabria	278,5	225,0	53,5	211,9
Castellon	292,6	211,5	81,1	192,1
Ciudad Real	227,8	158,2	69,6	202,4
Cordoba	378,1	247,1	131,1	270,3
Corunya	567,7	453,8	114,0	406,4
Cuenca	88,7	66,8	21,9	89,0
Gipuzkoa	313,7	274,2	39,5	259,2
Girona	377,8	286,3	91,5	218,9
Granada	436,5	273,6	162,9	315,5
Guadalajara	135,8	100,8	35,0	68,0
Huelva	248,5	158,9	89,5	172,3
Huesca	103,7	88,9	14,8	80,2
Jaen	303,4	191,8	111,6	231,0
Leon	202,6	154,5	48,1	211,8
Lleida	209,7	172,4	37,3	148,3
Lugo	152,7	126,7	25,9	145,0
Madrid	3347,4	2682,0	665,3	1900,3
Malaga	780,3	504,9	275,4	560,3
Murcia	732,0	515,5	216,6	456,3
Navarra	306,9	254,2	52,6	205,0
Ourense	133,5	103,2	30,3	148,1
Palencia	75,7	61,5	14,1	66,5
Palmas	586,5	387,7	198,8	322,0
Pontevedra	449,5	342,3	107,1	357,7
Rioja	149,5	121,5	28,0	108,7
Salamanca	157,2	123,1	34,1	135,0
Tenerife	531,2	361,6	169,6	341,7
Segovia	78,0	62,1	15,9	54,9
Sevilla	929,1	626,6	302,5	607,2
Soria	44,6	37,6	7,0	32,9
Tarragona	408,9	304,1	104,8	250,4
Teruel	65,0	55,0	10,1	53,2
Toledo	352,6	244,7	107,9	200,3
Valencia	1304,6	941,2	363,4	774,3
Valladolid	269,0	215,7	53,2	178,4
Zamora	74,0	55,3	18,7	90,5
Zaragoza	488,7	391,6	97,0	310,7
Ceuta	33,4	20,8	12,6	27,1
Melilla	32,2	23,1	9,1	26,6

